[gd_scene load_steps=6 format=2]

[ext_resource path="res://rotate debug.gd" type="Script" id=1]
[ext_resource path="res://assets/nodes/Player.tscn" type="PackedScene" id=2]

[sub_resource type="SphereMesh" id=1]
radius = 0.2
height = 0.4
radial_segments = 8
rings = 4

[sub_resource type="SpatialMaterial" id=2]
albedo_color = Color( 0, 1, 1, 1 )

[sub_resource type="SpatialMaterial" id=3]
albedo_color = Color( 1, 0, 0, 1 )

[node name="rotate debug" type="Spatial" groups=["thestupidrotation"]]
script = ExtResource( 1 )
player_node = NodePath("Position3D2/Position3D/Player")
stupidfreakingthingugh = NodePath("CSGMesh")

[node name="CSGMesh" type="CSGMesh" parent="."]
transform = Transform( 1, 0, 0, 0, 1, 0, 0, 0, 1, 2.0954, 2.49902, 0.689879 )
mesh = SubResource( 1 )
material = SubResource( 2 )

[node name="CSGMesh2" type="CSGMesh" parent="."]
transform = Transform( 1, 0, 0, 0, 1, 0, 0, 0, 1, 3.92455, 2.307, 1.49704 )
mesh = SubResource( 1 )
material = SubResource( 3 )

[node name="Position3D2" type="Position3D" parent="."]
transform = Transform( -0.738605, -0.426884, 0.52176, -0.0735265, 0.82036, 0.567102, -0.670117, 0.380501, -0.637309, 0, 0, 0 )

[node name="Position3D" type="Position3D" parent="Position3D2"]
transform = Transform( -0.195532, 0.0129679, 0.980612, 0.970156, -0.143653, 0.195347, 0.143401, 0.989543, 0.015508, 0, 0, 0 )

[node name="Player" parent="Position3D2/Position3D" instance=ExtResource( 2 )]
transform = Transform( 0.221122, 0.469815, -0.854622, -0.91274, 0.408373, -0.011663, 0.343526, 0.782627, 0.519119, 0, 0, 0 )

[node name="CanvasLayer" type="CanvasLayer" parent="."]

[node name="Control" type="Control" parent="CanvasLayer"]
anchor_right = 1.0
anchor_bottom = 1.0
__meta__ = {
"_edit_use_anchors_": false
}

[node name="Control" type="Control" parent="CanvasLayer/Control"]
anchor_left = 0.5
anchor_top = 0.5
anchor_right = 0.5
anchor_bottom = 0.5
__meta__ = {
"_edit_use_anchors_": false
}

[node name="Line2D" type="Line2D" parent="CanvasLayer/Control/Control"]
points = PoolVector2Array( -10, 0, 10, 0 )
width = 1.0

[node name="Line2D2" type="Line2D" parent="CanvasLayer/Control/Control"]
rotation = -1.57079
points = PoolVector2Array( -10, 0, 10, 0 )
width = 1.0

[node name="Label" type="Label" parent="CanvasLayer/Control"]
margin_right = 40.0
margin_bottom = 14.0
__meta__ = {
"_edit_use_anchors_": false
}

[node name="ColorRect" type="ColorRect" parent="CanvasLayer/Control/Label"]
modulate = Color( 0, 0, 0, 0.423529 )
show_behind_parent = true
anchor_right = 1.0
anchor_bottom = 1.0
